Vec Object: 1 MPI processes
  type: seq
0.
0.
0.
0.
0.
0.
0.
0.
0.
0.
0.
0.
0.
0.
0.
0.
0.
0.
0.
0.
0.
0.
0.
0.
0.
0.
0.
0.
0.
0.
0.
0.
0.
0.
0.
0.
0.
0.
0.
0.
0.
0.
0.
0.
0.
0.
0.
0.
0.
0.
0.
0.
0.
0.
0.
0.
0.
0.
0.
0.
0.
0.
0.
0.
0.
0.015625
0.0168287
0.0177882
0.0186001
0.0193097
0.0199418
0.0205119
0.02103
0.0215037
0.0219385
0.0223385
0.0227074
0.0230479
0.0233623
0.0236527
0.0239205
0.0241675
0.0243948
0.0246033
0.0247944
0.0249684
0.0251262
0.0252686
0.0253959
0.0255086
0.0256073
0.0256922
0.0257634
0.0258214
0.0258663
0.0258982
0.0259172
0.0259234
0.0259168
0.0258973
0.0258649
0.0258197
0.0257614
0.0256897
0.0256046
0.0255059
0.025393
0.0252656
0.0251233
0.0249654
0.0247916
0.024601
0.0243926
0.0241655
0.0239186
0.0236508
0.0233606
0.0230462
0.0227056
0.0223365
0.0219362
0.0215013
0.0210276
0.0205095
0.0199397
0.0193078
0.0185986
0.0177872
0.0168282
0.015625
0.03125
0.0334132
0.0352357
0.0368141
0.0382084
0.0394574
0.0405872
0.0416161
0.0425579
0.0434231
0.0442199
0.0449548
0.0456336
0.0462604
0.0468395
0.0473738
0.0478665
0.0483201
0.0487363
0.0491174
0.0494649
0.0497799
0.050064
0.0503183
0.0505433
0.0507402
0.0509097
0.051052
0.0511678
0.0512574
0.0513211
0.0513591
0.0513714
0.0513581
0.0513193
0.0512549
0.0511646
0.0510481
0.0509051
0.0507353
0.0505381
0.0503127
0.0500584
0.0497742
0.0494592
0.0491122
0.0487316
0.0483157
0.0478625
0.0473701
0.0468359
0.0462571
0.0456302
0.0449513
0.044216
0.0434189
0.0425535
0.0416117
0.0405829
0.0394536
0.0382052
0.0368115
0.035234
0.0334123
0.03125
0.046875
0.0498501
0.0524391
0.0547237
0.056764
0.0586037
0.0602747
0.0618008
0.0632003
0.0644877
0.0656745
0.0667701
0.0677826
0.068718
0.0695826
0.0703808
0.0711167
0.0717945
0.0724167
0.0729862
0.0735057
0.0739767
0.0744016
0.0747817
0.0751183
0.0754128
0.0756661
0.075879
0.0760522
0.0761863
0.0762815
0.0763383
0.0763568
0.0763371
0.0762791
0.0761827
0.0760476
0.0758734
0.0756597
0.0754058
0.0751108
0.0747737
0.0743934
0.0739685
0.0734976
0.0729788
0.0724097
0.071788
0.0711109
0.0703752
0.0695774
0.0687132
0.0677777
0.0667651
0.0656692
0.0644821
0.0631946
0.0617951
0.0602694
0.0585989
0.0567599
0.0547205
0.052437
0.049849
0.046875
0.0625
0.0661847
0.0694584
0.0723891
0.0750318
0.0774302
0.0796185
0.0816233
0.0834662
0.0851643
0.0867319
0.0881803
0.0895199
0.0907586
0.0919038
0.0929617
0.0939375
0.0948363
0.0956617
0.0964175
0.0971068
0.097732
0.0982959
0.0988006
0.0992474
0.0996384
0.0999748
0.100257
0.100487
0.100665
0.100792
0.100867
0.100892
0.100866
0.100789
0.100661
0.100482
0.100251
0.0999668
0.0996297
0.099238
0.0987905
0.0982856
0.0977216
0.0970965
0.0964078
0.0956527
0.0948278
0.0939298
0.0929545
0.0918971
0.0907523
0.0895136
0.088174
0.0867253
0.0851577
0.0834597
0.0816171
0.0796127
0.077425
0.0750274
0.0723857
0.0694562
0.0661836
0.0625
0.078125
0.0824418
0.0863324
0.0898538
0.0930552
0.0959782
0.0986569
0.101119
0.103388
0.105483
0.107419
0.109211
0.110869
0.112404
0.113824
0.115137
0.116348
0.117464
0.118489
0.119427
0.120284
0.121061
0.121762
0.122389
0.122944
0.12343
0.123848
0.1242
0.124486
0.124707
0.124865
0.124958
0.124989
0.124957
0.124861
0.124702
0.124479
0.124192
0.123839
0.12342
0.122933
0.122377
0.121749
0.121048
0.120271
0.119416
0.118477
0.117453
0.116338
0.115128
0.113816
0.112397
0.110862
0.109204
0.107412
0.105476
0.103381
0.101113
0.0986509
0.095973
0.0930508
0.0898502
0.08633
0.0824406
0.078125
0.09375
0.0986368
0.103087
0.10715
0.110868
0.114282
0.117423
0.120319
0.122996
0.125471
0.127763
0.129887
0.131854
0.133677
0.135364
0.136925
0.138365
0.139693
0.140914
0.142032
0.143052
0.143978
0.144813
0.14556
0.146222
0.146802
0.1473
0.147719
0.14806
0.148324
0.148511
0.148623
0.14866
0.148621
0.148507
0.148318
0.148052
0.14771
0.147289
0.14679
0.146209
0.145546
0.144798
0.143963
0.143037
0.142018
0.1409
0.139681
0.138354
0.136914
0.135354
0.133667
0.131845
0.129878
0.127754
0.125463
0.122988
0.120313
0.117417
0.114276
0.110864
0.107146
0.103084
0.0986353
0.09375
0.109375
0.11478
0.119741
0.124301
0.128498
0.132369
0.135945
0.139252
0.142315
0.145154
0.147787
0.150229
0.152495
0.154596
0.156543
0.158344
0.160008
0.161543
0.162953
0.164246
0.165426
0.166497
0.167463
0.168328
0.169094
0.169765
0.170342
0.170827
0.171221
0.171527
0.171744
0.171874
0.171916
0.171872
0.17174
0.171521
0.171213
0.170817
0.17033
0.169752
0.16908
0.168312
0.167447
0.16648
0.165409
0.16423
0.162938
0.161528
0.159994
0.158331
0.15653
0.154585
0.152484
0.150219
0.147777
0.145144
0.142306
0.139244
0.135938
0.132363
0.128493
0.124296
0.119738
0.114778
0.109375
0.125
0.130879
0.136308
0.141325
0.145966
0.150263
0.154246
0.15794
0.161369
0.164553
0.167512
0.17026
0.172813
0.175182
0.177378
0.179412
0.181293
0.183027
0.184623
0.186085
0.18742
0.188632
0.189726
0.190706
0.191574
0.192333
0.192986
0.193536
0.193983
0.194329
0.194575
0.194722
0.19477
0.19472
0.194571
0.194322
0.193974
0.193525
0.192974
0.192319
0.191558
0.190688
0.189708
0.188614
0.187401
0.186066
0.184605
0.18301
0.181276
0.179397
0.177364
0.175168
0.1728
0.170248
0.1675
0.164542
0.161359
0.15793
0.154237
0.150256
0.14596
0.14132
0.136304
0.130877
0.125
0.140625
0.146938
0.152798
0.158238
0.163289
0.167983
0.172346
0.176403
0.180178
0.183691
0.186959
0.189999
0.192826
0.195451
0.197888
0.200146
0.202235
0.204163
0.205937
0.207564
0.209049
0.210398
0.211616
0.212706
0.213673
0.214519
0.215246
0.215859
0.216357
0.216742
0.217017
0.217181
0.217234
0.217178
0.217012
0.216735
0.216347
0.215847
0.215233
0.214503
0.213656
0.212688
0.211596
0.210378
0.209028
0.207543
0.205917
0.204144
0.202217
0.200129
0.197872
0.195436
0.192811
0.189985
0.186946
0.183678
0.180167
0.176393
0.172337
0.167975
0.163282
0.158232
0.152794
0.146936
0.140625
0.15625
0.162964
0.16922
0.175049
0.180482
0.185544
0.190263
0.194661
0.198762
0.202584
0.206145
0.209463
0.21255
0.215422
0.218089
0.220562
0.222851
0.224965
0.226911
0.228696
0.230326
0.231808
0.233145
0.234343
0.235405
0.236334
0.237134
0.237807
0.238354
0.238778
0.23908
0.23926
0.239319
0.239258
0.239075
0.238771
0.238345
0.237795
0.23712
0.236318
0.235386
0.234323
0.233124
0.231785
0.230304
0.228673
0.226889
0.224944
0.222831
0.220543
0.218071
0.215405
0.212534
0.209447
0.206131
0.20257
0.198749
0.19465
0.190253
0.185536
0.180474
0.175044
0.169216
0.162962
0.15625
0.171875
0.178957
0.18558
0.19177
0.197555
0.202961
0.208011
0.212729
0.217135
0.221249
0.225088
0.228667
0.232004
0.235109
0.237995
0.240674
0.243154
0.245446
0.247557
0.249494
0.251264
0.252873
0.254326
0.255627
0.256781
0.257791
0.25866
0.259392
0.259987
0.260448
0.260776
0.260972
0.261037
0.26097
0.260771
0.26044
0.259977
0.259379
0.258645
0.257774
0.256761
0.255606
0.254303
0.25285
0.25124
0.249471
0.247534
0.245424
0.243133
0.240653
0.237976
0.23509
0.231986
0.228651
0.225072
0.221235
0.217122
0.212718
0.208001
0.202953
0.197548
0.191765
0.185577
0.178956
0.171875
0.1875
0.194923
0.201883
0.208407
0.21452
0.220244
0.225604
0.23062
0.235312
0.2397
0.2438
0.247628
0.251199
0.254526
0.257621
0.260495
0.263158
0.265621
0.267889
0.269972
0.271876
0.273606
0.275169
0.27657
0.277812
0.2789
0.279836
0.280624
0.281265
0.281762
0.282116
0.282327
0.282396
0.282324
0.28211
0.281754
0.281254
0.280611
0.27982
0.278882
0.277792
0.276548
0.275146
0.273582
0.271851
0.269947
0.267865
0.265597
0.263136
0.260473
0.2576
0.254507
0.251181
0.247611
0.243784
0.239686
0.235299
0.230609
0.225594
0.220236
0.214514
0.208403
0.201881
0.194921
0.1875
0.203125
0.210862
0.218135
0.224968
0.231383
0.237404
0.243051
0.248345
0.253306
0.25795
0.262296
0.266358
0.270151
0.273687
0.27698
0.280039
0.282876
0.2855
0.287919
0.29014
0.292172
0.294019
0.295688
0.297183
0.29851
0.299672
0.300673
0.301514
0.3022
0.302731
0.303108
0.303334
0.303408
0.303331
0.303102
0.302721
0.302188
0.3015
0.300655
0.299652
0.298489
0.29716
0.295663
0.293993
0.292146
0.290114
0.287893
0.285475
0.282852
0.280016
0.276958
0.273666
0.270131
0.26634
0.262279
0.257936
0.253293
0.248334
0.243042
0.237396
0.231377
0.224964
0.218132
0.210861
0.203125
0.21875
0.226778
0.234339
0.241457
0.248153
0.254448
0.260363
0.265916
0.271127
0.276012
0.280587
0.284869
0.28887
0.292604
0.296083
0.299318
0.302319
0.305096
0.307657
0.310011
0.312163
0.314121
0.315891
0.317477
0.318884
0.320117
0.321179
0.322072
0.3228
0.323363
0.323764
0.324003
0.324082
0.324
0.323757
0.323353
0.322787
0.322056
0.32116
0.320097
0.318862
0.317453
0.315865
0.314095
0.312136
0.309984
0.307631
0.30507
0.302293
0.299293
0.296059
0.292582
0.288849
0.284849
0.28057
0.275996
0.271114
0.265905
0.260354
0.254441
0.248147
0.241452
0.234336
0.226776
0.21875
0.234375
0.24267
0.250498
0.25788
0.264836
0.271385
0.277548
0.283342
0.288785
0.293894
0.298685
0.303171
0.307368
0.311288
0.314942
0.318342
0.321498
0.32442
0.327115
0.329593
0.331861
0.333924
0.335789
0.337461
0.338945
0.340245
0.341365
0.342308
0.343075
0.343669
0.344092
0.344345
0.344428
0.344341
0.344085
0.343659
0.343061
0.342291
0.341346
0.340224
0.338922
0.337436
0.335763
0.333897
0.331833
0.329566
0.327088
0.324392
0.321471
0.318315
0.314917
0.311264
0.307346
0.303151
0.298666
0.293878
0.288771
0.28333
0.277538
0.271377
0.264829
0.257875
0.250495
0.242668
0.234375
0.25
0.258542
0.266616
0.274241
0.281436
0.28822
0.294613
0.30063
0.30629
0.311607
0.316598
0.321276
0.325655
0.329748
0.333566
0.337121
0.340423
0.343481
0.346303
0.348899
0.351275
0.353437
0.355392
0.357146
0.358702
0.360066
0.361241
0.36223
0.363035
0.363659
0.364103
0.364368
0.364455
0.364364
0.364095
0.363648
0.363021
0.362213
0.361222
0.360045
0.358679
0.357121
0.355366
0.35341
0.351247
0.348871
0.346275
0.343453
0.340395
0.337094
0.33354
0.329723
0.325632
0.321254
0.316578
0.31159
0.306275
0.300617
0.294602
0.288211
0.281428
0.274235
0.266612
0.25854
0.25
0.265625
0.274394
0.282694
0.290543
0.297959
0.30496
0.311565
0.317788
0.323648
0.329158
0.334335
0.339191
0.343741
0.347995
0.351967
0.355666
0.359104
0.362289
0.365231
0.367936
0.370414
0.372669
0.374709
0.376539
0.378164
0.379588
0.380815
0.381847
0.382688
0.38334
0.383803
0.38408
0.384171
0.384077
0.383796
0.383329
0.382675
0.381831
0.380797
0.379568
0.378143
0.376516
0.374685
0.372644
0.370387
0.367909
0.365203
0.362261
0.359076
0.355639
0.35194
0.34797
0.343717
0.339169
0.334315
0.32914
0.323632
0.317775
0.311553
0.304951
0.297951
0.290537
0.28269
0.274393
0.265625
0.28125
0.290228
0.298735
0.30679
0.314409
0.321609
0.328409
0.334823
0.340867
0.346556
0.351904
0.356925
0.361632
0.366037
0.370151
0.373985
0.377549
0.380854
0.383906
0.386715
0.389287
0.39163
0.393749
0.395651
0.397339
0.398819
0.400095
0.401168
0.402042
0.40272
0.403202
0.403491
0.403586
0.403487
0.403196
0.402711
0.402031
0.401154
0.400078
0.398801
0.397319
0.395629
0.393726
0.391606
0.389262
0.386689
0.38388
0.380827
0.377522
0.373958
0.370124
0.366011
0.361608
0.356903
0.351883
0.346537
0.34085
0.334808
0.328396
0.321599
0.314401
0.306784
0.298731
0.290226
0.28125
0.296875
0.306044
0.314741
0.322984
0.330789
0.338172
0.345151
0.351739
0.357953
0.363806
0.369313
0.374486
0.379339
0.383882
0.388127
0.392086
0.395768
0.399182
0.402338
0.405242
0.407903
0.410326
0.41252
0.414488
0.416236
0.417768
0.419089
0.4202
0.421106
0.421808
0.422308
0.422606
0.422705
0.422603
0.422302
0.4218
0.421095
0.420187
0.419074
0.417751
0.416218
0.414468
0.412498
0.410304
0.407879
0.405217
0.402312
0.399156
0.395741
0.392059
0.388101
0.383856
0.379313
0.374462
0.36929
0.363785
0.357934
0.351723
0.345137
0.338161
0.33078
0.322977
0.314736
0.306041
0.296875
0.3125
0.321842
0.330713
0.339127
0.347102
0.354653
0.361795
0.368543
0.374912
0.380915
0.386567
0.391879
0.396865
0.401536
0.405903
0.409977
0.413767
0.417283
0.420533
0.423526
0.426268
0.428767
0.431028
0.433058
0.434861
0.436442
0.437804
0.438951
0.439885
0.44061
0.441126
0.441434
0.441536
0.441432
0.441121
0.440603
0.439876
0.43894
0.437791
0.436426
0.434844
0.43304
0.431008
0.428745
0.426245
0.423502
0.420508
0.417257
0.41374
0.409949
0.405876
0.401509
0.396839
0.391854
0.386543
0.380893
0.374892
0.368526
0.36178
0.354641
0.347093
0.33912
0.330708
0.32184
0.3125
0.328125
0.337625
0.346653
0.355223
0.363352
0.371054
0.378345
0.385238
0.391748
0.397888
0.403672
0.409111
0.414219
0.419006
0.423484
0.427663
0.431552
0.435161
0.438499
0.441573
0.44439
0.446957
0.449281
0.451368
0.453221
0.454846
0.456247
0.457427
0.458388
0.459133
0.459664
0.459981
0.460087
0.459979
0.45966
0.459127
0.45838
0.457417
0.456236
0.454833
0.453206
0.451351
0.449263
0.446938
0.444368
0.44155
0.438475
0.435136
0.431526
0.427636
0.423457
0.41898
0.414193
0.409086
0.403647
0.397865
0.391727
0.38522
0.378329
0.371042
0.363342
0.355215
0.346647
0.337622
0.328125
0.34375
0.353392
0.362561
0.371272
0.37954
0.387379
0.394803
0.401827
0.408465
0.414729
0.420632
0.426187
0.431405
0.436298
0.440877
0.445151
0.44913
0.452824
0.456241
0.459389
0.462274
0.464904
0.467286
0.469424
0.471323
0.472989
0.474425
0.475634
0.47662
0.477384
0.477928
0.478254
0.478361
0.478252
0.477924
0.477378
0.476613
0.475626
0.474415
0.472977
0.47131
0.469409
0.467269
0.464886
0.462254
0.459367
0.456218
0.4528
0.449105
0.445125
0.44085
0.436272
0.43138
0.426162
0.420609
0.414707
0.408445
0.40181
0.394788
0.387366
0.37953
0.371264
0.362556
0.35339
0.34375
0.359375
0.369144
0.37844
0.387277
0.395669
0.40363
0.411174
0.418316
0.425067
0.431442
0.437453
0.443111
0.448429
0.453416
0.458085
0.462445
0.466506
0.470277
0.473765
0.476979
0.479927
0.482613
0.485046
0.487231
0.489172
0.490874
0.492342
0.493578
0.494585
0.495367
0.495923
0.496256
0.496366
0.496255
0.49592
0.495362
0.494579
0.493571
0.492333
0.490864
0.48916
0.487218
0.485031
0.482597
0.479908
0.47696
0.473744
0.470254
0.466482
0.462421
0.458061
0.453392
0.448405
0.443088
0.437431
0.431422
0.425049
0.418299
0.41116
0.403618
0.395659
0.387269
0.378435
0.369142
0.359375
0.375
0.384882
0.39429
0.403238
0.411739
0.419809
0.42746
0.434705
0.441558
0.448031
0.454137
0.459887
0.465293
0.470365
0.475115
0.479552
0.483685
0.487524
0.491076
0.494349
0.497352
0.500089
0.502568
0.504794
0.506772
0.508507
0.510003
0.511263
0.51229
0.513087
0.513654
0.513994
0.514106
0.513992
0.513651
0.513082
0.512285
0.511256
0.509995
0.508498
0.506762
0.504782
0.502554
0.500073
0.497334
0.49433
0.491055
0.487502
0.483662
0.479528
0.475092
0.470343
0.465271
0.459866
0.454117
0.448012
0.441541
0.43469
0.427446
0.419797
0.41173
0.403231
0.394285
0.384879
0.375
0.390625
0.400605
0.410111
0.419156
0.427754
0.435918
0.443662
0.450998
0.45794
0.464499
0.470689
0.476519
0.482003
0.487149
0.491969
0.496473
0.50067
0.504569
0.508177
0.511503
0.514554
0.517336
0.519855
0.522118
0.524129
0.525893
0.527414
0.528695
0.529739
0.530548
0.531125
0.531471
0.531585
0.531469
0.531122
0.530544
0.529734
0.528688
0.527406
0.525884
0.524119
0.522106
0.519842
0.517321
0.514537
0.511485
0.508157
0.504548
0.500648
0.496451
0.491948
0.487128
0.481982
0.4765
0.47067
0.464482
0.457924
0.450984
0.443649
0.435907
0.427745
0.419149
0.410106
0.400602
0.390625
0.40625
0.416315
0.425905
0.435033
0.443714
0.451959
0.459783
0.467198
0.474216
0.480849
0.48711
0.49301
0.49856
0.503771
0.508652
0.513214
0.517466
0.521417
0.525074
0.528445
0.531537
0.534357
0.536912
0.539206
0.541246
0.543034
0.544577
0.545876
0.546935
0.547756
0.548342
0.548692
0.548808
0.54869
0.548339
0.547752
0.54693
0.54587
0.54457
0.543026
0.541236
0.539196
0.5369
0.534343
0.531521
0.528427
0.525054
0.521397
0.517446
0.513194
0.508632
0.503752
0.498542
0.492993
0.487093
0.480833
0.474201
0.467184
0.459771
0.451949
0.443705
0.435026
0.425899
0.416312
0.40625
0.421875
0.432011
0.441671
0.45087
0.45962
0.467934
0.475825
0.483305
0.490387
0.497083
0.503404
0.509362
0.514969
0.520233
0.525166
0.529777
0.534075
0.53807
0.541768
0.545177
0.548305
0.551158
0.553742
0.556063
0.558126
0.559936
0.561497
0.562812
0.563884
0.564714
0.565306
0.565661
0.565779
0.56566
0.565304
0.564711
0.563879
0.562807
0.561491
0.559929
0.558118
0.556053
0.553731
0.551145
0.54829
0.545161
0.54175
0.538052
0.534057
0.529759
0.525149
0.520217
0.514953
0.509348
0.503389
0.497069
0.490374
0.483293
0.475814
0.467925
0.459612
0.450863
0.441666
0.432009
0.421875
0.4375
0.447693
0.457411
0.466667
0.475473
0.483842
0.491788
0.499321
0.506456
0.513202
0.519573
0.525579
0.531231
0.536539
0.541514
0.546165
0.550501
0.554531
0.558263
0.561703
0.56486
0.567739
0.570348
0.572692
0.574774
0.576602
0.578177
0.579505
0.580587
0.581425
0.582023
0.582381
0.5825
0.58238
0.582021
0.581422
0.580582
0.5795
0.578172
0.576595
0.574767
0.572682
0.570338
0.567728
0.564847
0.561689
0.558248
0.554516
0.550486
0.54615
0.5415
0.536526
0.531218
0.525566
0.519561
0.513191
0.506445
0.499312
0.491779
0.483835
0.475466
0.466661
0.457407
0.447691
0.4375
0.453125
0.463363
0.473125
0.482424
0.491274
0.499686
0.507674
0.515249
0.522424
0.529209
0.535618
0.541661
0.547349
0.552691
0.557699
0.562381
0.566746
0.570804
0.574561
0.578026
0.581206
0.584106
0.586733
0.589094
0.591192
0.593033
0.59462
0.595957
0.597047
0.597892
0.598494
0.598854
0.598974
0.598854
0.598492
0.597889
0.597043
0.595952
0.594615
0.593026
0.591185
0.589085
0.586724
0.584095
0.581193
0.578013
0.574548
0.57079
0.566733
0.562368
0.557686
0.55268
0.547338
0.541651
0.535608
0.5292
0.522415
0.515241
0.507666
0.499679
0.491268
0.482419
0.473121
0.46336
0.453125
0.46875
0.479019
0.488813
0.498143
0.507024
0.515467
0.523484
0.531089
0.538292
0.545106
0.551541
0.55761
0.563323
0.56869
0.573721
0.578425
0.582811
0.586889
0.590665
0.594147
0.597343
0.600258
0.602899
0.605271
0.607381
0.609231
0.610826
0.61217
0.613266
0.614116
0.614721
0.615084
0.615204
0.615083
0.61472
0.614114
0.613263
0.612167
0.610822
0.609225
0.607374
0.605264
0.60289
0.600248
0.597332
0.594136
0.590653
0.586877
0.5828
0.578414
0.57371
0.56868
0.563314
0.557602
0.551533
0.545098
0.538284
0.531081
0.523477
0.51546
0.507018
0.498139
0.488809
0.479017
0.46875
0.484375
0.494663
0.504475
0.513824
0.522723
0.531184
0.539219
0.546841
0.554061
0.560892
0.567344
0.573428
0.579156
0.584538
0.589582
0.594299
0.598698
0.602787
0.606574
0.610067
0.613273
0.616197
0.618846
0.621226
0.623342
0.625198
0.626799
0.628147
0.629246
0.630098
0.630706
0.63107
0.631191
0.631069
0.630705
0.630097
0.629245
0.628145
0.626795
0.625194
0.623337
0.621221
0.61884
0.61619
0.613265
0.610059
0.606566
0.602779
0.598689
0.594291
0.589574
0.58453
0.57915
0.573422
0.567337
0.560886
0.554055
0.546835
0.539214
0.531179
0.522719
0.513821
0.504472
0.494661
0.484375
0.5
0.510294
0.520112
0.529467
0.538372
0.546838
0.554879
0.562507
0.569732
0.576568
0.583026
0.589115
0.594848
0.600234
0.605283
0.610004
0.614407
0.618501
0.622292
0.625788
0.628996
0.631924
0.634576
0.636959
0.639077
0.640935
0.642538
0.643888
0.644988
0.645841
0.646449
0.646814
0.646935
0.646814
0.646449
0.64584
0.644987
0.643886
0.642536
0.640933
0.639074
0.636955
0.634572
0.631919
0.628991
0.625783
0.622286
0.618495
0.614402
0.609999
0.605278
0.600229
0.594844
0.589111
0.583021
0.576564
0.569728
0.562503
0.554875
0.546835
0.538369
0.529464
0.520109
0.510293
0.5
0.515625
0.525912
0.535723
0.545071
0.55397
0.56243
0.570465
0.578086
0.585306
0.592136
0.598587
0.604671
0.610399
0.61578
0.620824
0.625541
0.629939
0.634029
0.637816
0.641309
0.644515
0.647439
0.650089
0.65247
0.654586
0.656442
0.658043
0.659392
0.660491
0.661343
0.66195
0.662315
0.662436
0.662315
0.661951
0.661343
0.66049
0.659391
0.658042
0.656441
0.654584
0.652467
0.650086
0.647436
0.644512
0.641306
0.637813
0.634025
0.629936
0.625537
0.620821
0.615777
0.610396
0.604669
0.598584
0.592132
0.585303
0.578083
0.570462
0.562428
0.553967
0.545069
0.535721
0.525911
0.515625
0.53125
0.541517
0.551309
0.560638
0.569517
0.577959
0.585975
0.593578
0.600781
0.607593
0.614029
0.620097
0.625809
0.631175
0.636205
0.640908
0.645294
0.649371
0.653148
0.656631
0.659827
0.662742
0.665384
0.667758
0.669867
0.671718
0.673313
0.674658
0.675754
0.676604
0.67721
0.677572
0.677694
0.677573
0.67721
0.676604
0.675754
0.674658
0.673314
0.671718
0.669867
0.667757
0.665383
0.662741
0.659825
0.656629
0.653146
0.64937
0.645293
0.640907
0.636203
0.631174
0.625807
0.620095
0.614026
0.607591
0.600779
0.593577
0.585973
0.577957
0.569515
0.560636
0.551308
0.541516
0.53125
0.546875
0.55711
0.56687
0.576167
0.585014
0.593424
0.601411
0.608984
0.616157
0.622942
0.629349
0.635391
0.641077
0.646418
0.651425
0.656106
0.660471
0.664528
0.668286
0.671752
0.674932
0.677833
0.680461
0.682822
0.684921
0.686762
0.688349
0.689687
0.690777
0.691623
0.692226
0.692587
0.692707
0.692587
0.692226
0.691624
0.690779
0.689689
0.688351
0.686764
0.684923
0.682824
0.680462
0.677833
0.674932
0.671752
0.668287
0.664529
0.660472
0.656107
0.651426
0.646419
0.641077
0.63539
0.629348
0.622941
0.616157
0.608984
0.601409
0.593424
0.585013
0.576166
0.566869
0.557109
0.546875
0.5625
0.57269
0.582404
0.591657
0.60046
0.608827
0.616771
0.624302
0.631434
0.638179
0.644548
0.650553
0.656203
0.66151
0.666483
0.671133
0.675468
0.679498
0.683229
0.686671
0.689828
0.692709
0.695318
0.697662
0.699745
0.701573
0.70315
0.704477
0.705559
0.706398
0.706997
0.707356
0.707475
0.707355
0.706998
0.7064
0.705562
0.70448
0.703152
0.701577
0.699749
0.697665
0.695321
0.692711
0.689831
0.686674
0.683233
0.679501
0.675472
0.671136
0.666486
0.661512
0.656205
0.650554
0.644549
0.63818
0.631435
0.624303
0.61677
0.608827
0.600461
0.591657
0.582404
0.57269
0.5625
0.578125
0.588257
0.597913
0.607108
0.615855
0.624166
0.632054
0.639532
0.646612
0.653305
0.659625
0.665581
0.671185
0.676448
0.681378
0.685988
0.690285
0.694279
0.697977
0.701386
0.704515
0.707369
0.709954
0.712275
0.714339
0.716149
0.717711
0.719026
0.720097
0.720928
0.721521
0.721877
0.721995
0.721877
0.721522
0.720931
0.7201
0.719029
0.717715
0.716154
0.714344
0.71228
0.709958
0.707373
0.704519
0.701391
0.697982
0.694284
0.69029
0.685993
0.681383
0.676451
0.671188
0.665583
0.659626
0.653306
0.646613
0.639533
0.632054
0.624167
0.615856
0.607109
0.597913
0.588257
0.578125
0.59375
0.60381
0.613396
0.622521
0.631197
0.639439
0.64726
0.654672
0.661687
0.668318
0.674577
0.680474
0.686022
0.69123
0.696109
0.700669
0.70492
0.70887
0.712526
0.715897
0.71899
0.721811
0.724366
0.726661
0.7287
0.730489
0.732031
0.733331
0.734391
0.735211
0.735796
0.736148
0.736265
0.736149
0.735799
0.735214
0.734394
0.733335
0.732037
0.730495
0.728706
0.726666
0.724371
0.721816
0.718995
0.715903
0.712532
0.708876
0.704926
0.700675
0.696115
0.691235
0.686026
0.680477
0.674579
0.66832
0.661689
0.654674
0.647262
0.639441
0.631199
0.622521
0.613397
0.60381
0.59375
0.609375
0.619351
0.628852
0.637893
0.646487
0.654647
0.662388
0.669721
0.67666
0.683216
0.689402
0.69523
0.700711
0.705855
0.710673
0.715174
0.719369
0.723267
0.726875
0.7302
0.73325
0.736032
0.738551
0.740814
0.742826
0.744589
0.746109
0.74739
0.748435
0.749245
0.749821
0.750167
0.750283
0.750169
0.749824
0.749248
0.748439
0.747396
0.746116
0.744596
0.742832
0.740821
0.738559
0.736039
0.733258
0.730208
0.726883
0.723275
0.719378
0.715182
0.71068
0.705861
0.700717
0.695235
0.689406
0.683219
0.676663
0.669724
0.662391
0.654651
0.646489
0.637895
0.628854
0.619352
0.609375
0.625
0.634877
0.64428
0.653224
0.661722
0.669787
0.677435
0.684677
0.691526
0.697997
0.704099
0.709846
0.715249
0.720319
0.725066
0.7295
0.733631
0.737468
0.741019
0.744292
0.747293
0.75003
0.752508
0.754734
0.756712
0.758447
0.759942
0.761201
0.762227
0.763024
0.763591
0.763931
0.764045
0.763933
0.763594
0.763028
0.762233
0.761207
0.759948
0.758453
0.756719
0.754742
0.752517
0.750039
0.747302
0.744301
0.741029
0.737478
0.73364
0.729509
0.725074
0.720327
0.715256
0.709852
0.704104
0.698001
0.691531
0.684682
0.677439
0.669792
0.661725
0.653227
0.644282
0.634879
0.625
0.640625
0.65039
0.659681
0.668513
0.676901
0.684858
0.6924
0.699537
0.706286
0.712657
0.718665
0.72432
0.729634
0.734619
0.739285
0.743643
0.747701
0.75147
0.754956
0.758169
0.761115
0.763801
0.766233
0.768416
0.770356
0.772057
0.773524
0.774759
0.775765
0.776545
0.777102
0.777436
0.777548
0.777437
0.777105
0.77655
0.775771
0.774765
0.77353
0.772064
0.770363
0.768423
0.766241
0.763809
0.761124
0.758179
0.754966
0.75148
0.747711
0.743652
0.739295
0.734628
0.729642
0.724327
0.718671
0.712663
0.706292
0.699543
0.692404
0.684864
0.676906
0.668517
0.659683
0.650391
0.640625
0.65625
0.665888
0.675052
0.683759
0.692023
0.699858
0.707279
0.7143
0.720934
0.727194
0.733094
0.738646
0.743861
0.748751
0.753327
0.757598
0.761575
0.765267
0.768682
0.771827
0.77471
0.777339
0.779719
0.781855
0.783753
0.785416
0.786851
0.788059
0.789043
0.789806
0.79035
0.790677
0.790787
0.790679
0.790354
0.789811
0.789049
0.788065
0.786858
0.785425
0.783761
0.781864
0.779728
0.777349
0.774721
0.771838
0.768693
0.765278
0.761586
0.757609
0.753338
0.748762
0.743871
0.738655
0.733103
0.727203
0.720942
0.714308
0.707286
0.699865
0.692029
0.683764
0.675056
0.665889
0.65625
0.671875
0.681371
0.690394
0.69896
0.707085
0.714784
0.722071
0.72896
0.735467
0.741604
0.747384
0.752821
0.757926
0.76271
0.767185
0.771361
0.775247
0.778854
0.782189
0.78526
0.788075
0.79064
0.792962
0.795046
0.796897
0.79852
0.799918
0.801097
0.802057
0.802801
0.803331
0.80365
0.803757
0.803652
0.803335
0.802805
0.802062
0.801103
0.799926
0.798528
0.796906
0.795055
0.792972
0.790651
0.788086
0.785272
0.782201
0.778867
0.77526
0.771373
0.767197
0.762722
0.757937
0.752832
0.747395
0.741614
0.735477
0.72897
0.722079
0.714792
0.707092
0.698966
0.690398
0.681373
0.671875
0.6875
0.696838
0.705704
0.714115
0.722086
0.729633
0.736772
0.743516
0.749882
0.755882
0.76153
0.76684
0.771823
0.776491
0.780855
0.784925
0.788713
0.792226
0.795473
0.798463
0.801203
0.803699
0.805957
0.807983
0.809784
0.811362
0.812721
0.813866
0.814799
0.815523
0.816038
0.816347
0.816451
0.816349
0.816042
0.815527
0.814805
0.813872
0.812728
0.811369
0.809792
0.807993
0.805967
0.803709
0.801214
0.798475
0.795486
0.792239
0.788726
0.784939
0.780868
0.776504
0.771836
0.766853
0.761542
0.755893
0.749893
0.743527
0.736781
0.729642
0.722093
0.714121
0.705708
0.69684
0.6875
0.703125
0.712289
0.720983
0.729222
0.737023
0.744403
0.751378
0.757963
0.764173
0.770023
0.775526
0.780697
0.785546
0.790087
0.794329
0.798285
0.801964
0.805376
0.808528
0.811429
0.814086
0.816507
0.818697
0.820661
0.822405
0.823934
0.825251
0.826361
0.827265
0.827966
0.828466
0.828765
0.828865
0.828767
0.828468
0.82797
0.827271
0.826368
0.825259
0.823943
0.822415
0.820671
0.818707
0.816518
0.814099
0.811443
0.808542
0.80539
0.801979
0.7983
0.794345
0.790102
0.785561
0.780711
0.77554
0.770036
0.764186
0.757975
0.751388
0.744412
0.737031
0.729228
0.720987
0.712291
0.703125
0.71875
0.727724
0.736227
0.744278
0.751893
0.75909
0.765886
0.772296
0.778336
0.784022
0.789367
0.794385
0.79909
0.803492
0.807603
0.811434
0.814995
0.818296
0.821346
0.824151
0.82672
0.829058
0.831174
0.833072
0.834756
0.836232
0.837504
0.838575
0.839447
0.840124
0.840606
0.840895
0.840992
0.840896
0.840608
0.840128
0.839453
0.838581
0.837512
0.836241
0.834765
0.833081
0.831185
0.82907
0.826733
0.824165
0.821361
0.818312
0.815011
0.81145
0.807619
0.803508
0.799106
0.794401
0.789382
0.784036
0.77835
0.772308
0.765896
0.759099
0.7519
0.744283
0.736231
0.727726
0.71875
0.734375
0.74314
0.751436
0.759281
0.766693
0.77369
0.780291
0.78651
0.792366
0.797873
0.803047
0.8079
0.812447
0.816699
0.820668
0.824364
0.827798
0.830981
0.833919
0.836622
0.839095
0.841346
0.843382
0.845208
0.846828
0.848247
0.84947
0.8505
0.851339
0.851989
0.852452
0.852731
0.852824
0.852732
0.852455
0.851993
0.851344
0.850506
0.849478
0.848256
0.846837
0.845217
0.843393
0.841358
0.839108
0.836636
0.833935
0.830997
0.827816
0.824381
0.820685
0.816716
0.812464
0.807916
0.803062
0.797888
0.79238
0.786522
0.7803
0.773698
0.766699
0.759285
0.751438
0.743141
0.734375
0.75
0.758538
0.766607
0.774228
0.781419
0.7882
0.794588
0.800601
0.806257
0.811571
0.816559
0.821234
0.825611
0.829701
0.833516
0.837068
0.840367
0.843422
0.846241
0.848833
0.851205
0.853363
0.855313
0.857062
0.858614
0.859973
0.861144
0.86213
0.862933
0.863555
0.863999
0.864265
0.864354
0.864266
0.864001
0.863559
0.862938
0.862136
0.861151
0.859982
0.858623
0.857072
0.855325
0.853375
0.851219
0.848848
0.846258
0.843439
0.840385
0.837087
0.833535
0.829719
0.825628
0.821251
0.816574
0.811585
0.80627
0.800613
0.794597
0.788208
0.781425
0.774233
0.76661
0.758539
0.75
0.765625
0.773916
0.78174
0.789117
0.796068
0.802613
0.808773
0.814562
0.820002
0.825108
0.829895
0.83438
0.838574
0.84249
0.846141
0.849538
0.852691
0.85561
0.858303
0.860777
0.863041
0.865099
0.866959
0.868627
0.870106
0.871402
0.872517
0.873456
0.874222
0.874814
0.875237
0.87549
0.875574
0.875491
0.875239
0.874818
0.874226
0.873462
0.872524
0.871409
0.870115
0.868637
0.866971
0.865112
0.863055
0.860793
0.85832
0.855628
0.85271
0.849557
0.84616
0.842508
0.83859
0.834395
0.82991
0.825121
0.820014
0.814573
0.80878
0.802621
0.796074
0.789121
0.781742
0.773917
0.765625
0.78125
0.789273
0.79683
0.803944
0.810635
0.816926
0.822837
0.828387
0.833594
0.838475
0.843048
0.847327
0.851326
0.855058
0.858533
0.861765
0.864763
0.867538
0.870096
0.872446
0.874594
0.876547
0.878312
0.879893
0.881296
0.882524
0.883582
0.884471
0.885196
0.885758
0.886158
0.886398
0.886478
0.886399
0.88616
0.885761
0.8852
0.884477
0.883588
0.882532
0.881305
0.879903
0.878323
0.87656
0.874608
0.872461
0.870113
0.867556
0.864782
0.861784
0.858551
0.855074
0.851342
0.847343
0.843062
0.838488
0.833605
0.828397
0.822845
0.816933
0.810642
0.803948
0.796833
0.789275
0.78125
0.796875
0.804608
0.811876
0.818704
0.825115
0.831131
0.836775
0.842066
0.847023
0.851665
0.856008
0.860067
0.863858
0.867392
0.870682
0.873739
0.876573
0.879194
0.88161
0.883828
0.885855
0.887697
0.889361
0.890852
0.892174
0.893331
0.894328
0.895166
0.895848
0.896377
0.896754
0.89698
0.897055
0.896981
0.896756
0.89638
0.895852
0.89517
0.894333
0.893338
0.892182
0.890862
0.889373
0.88771
0.885869
0.883844
0.881627
0.879212
0.876591
0.873756
0.870699
0.867409
0.863874
0.860082
0.856021
0.851677
0.847034
0.842076
0.836783
0.831139
0.825121
0.818709
0.81188
0.80461
0.796875
0.8125
0.819918
0.826874
0.833393
0.839502
0.845222
0.850578
0.85559
0.86028
0.864665
0.868762
0.872589
0.876158
0.879483
0.882575
0.885447
0.888108
0.890567
0.892833
0.894912
0.896812
0.898537
0.900096
0.901492
0.902729
0.903812
0.904745
0.905529
0.906167
0.906661
0.907014
0.907225
0.907296
0.907226
0.907016
0.906664
0.90617
0.905533
0.90475
0.903819
0.902737
0.901501
0.900107
0.898551
0.896826
0.894928
0.89285
0.890584
0.888125
0.885464
0.882591
0.879498
0.876173
0.872603
0.868775
0.864677
0.860291
0.855601
0.850586
0.84523
0.839508
0.833398
0.826877
0.81992
0.8125
0.828125
0.835203
0.84182
0.848006
0.853787
0.859188
0.864236
0.86895
0.873353
0.877464
0.8813
0.884879
0.888213
0.891317
0.894201
0.896878
0.899356
0.901646
0.903754
0.905688
0.907453
0.909058
0.910506
0.911802
0.912952
0.913957
0.914822
0.91555
0.916143
0.916601
0.916928
0.917124
0.91719
0.917125
0.91693
0.916604
0.916146
0.915554
0.914827
0.913963
0.912959
0.911811
0.910517
0.909071
0.907468
0.905703
0.90377
0.901662
0.899373
0.896894
0.894217
0.891332
0.888227
0.884892
0.881313
0.877476
0.873364
0.86896
0.864243
0.859196
0.853793
0.848011
0.841823
0.835204
0.828125
0.84375
0.850459
0.85671
0.862535
0.867964
0.873022
0.877738
0.882133
0.88623
0.89005
0.893609
0.896925
0.900011
0.902881
0.905547
0.908018
0.910306
0.912417
0.91436
0.916142
0.917768
0.919246
0.920579
0.921772
0.92283
0.923754
0.92455
0.925219
0.925764
0.926186
0.926486
0.926666
0.926727
0.926667
0.926487
0.926188
0.925767
0.925223
0.924555
0.92376
0.922836
0.921781
0.92059
0.919259
0.917783
0.916157
0.914375
0.912432
0.91032
0.908033
0.905561
0.902895
0.900024
0.896937
0.893621
0.890061
0.88624
0.882141
0.877745
0.873028
0.867968
0.862538
0.856712
0.85046
0.84375
0.859375
0.865684
0.871539
0.876974
0.882021
0.886711
0.891072
0.895126
0.898898
0.902408
0.905675
0.908713
0.911539
0.914164
0.916599
0.918856
0.920944
0.92287
0.924641
0.926264
0.927746
0.929091
0.930305
0.931391
0.932353
0.933195
0.933918
0.934527
0.935022
0.935406
0.935679
0.935843
0.935898
0.935843
0.93568
0.935408
0.935025
0.93453
0.933922
0.9332
0.93236
0.931399
0.930315
0.929104
0.927759
0.926278
0.924655
0.922883
0.920957
0.918869
0.916612
0.914176
0.911551
0.908725
0.905686
0.902418
0.898907
0.895134
0.891078
0.886717
0.882026
0.876977
0.87154
0.865685
0.859375
0.875
0.880874
0.886299
0.891312
0.895949
0.900243
0.904223
0.907914
0.911341
0.914523
0.91748
0.920228
0.922779
0.925148
0.927344
0.929376
0.931256
0.932988
0.934581
0.936041
0.937372
0.938581
0.939671
0.940646
0.94151
0.942265
0.942915
0.943461
0.943906
0.94425
0.944495
0.944641
0.944691
0.944642
0.944496
0.944251
0.943908
0.943464
0.942918
0.94227
0.941516
0.940654
0.939681
0.938592
0.937385
0.936054
0.934594
0.933001
0.931267
0.929387
0.927354
0.925159
0.922791
0.920239
0.91749
0.914532
0.911349
0.907922
0.904227
0.900248
0.895953
0.891316
0.886302
0.880876
0.875
0.890625
0.896025
0.900982
0.905538
0.909733
0.9136
0.917173
0.920479
0.923539
0.926376
0.929007
0.931449
0.933715
0.935815
0.937762
0.939562
0.941225
0.942758
0.944166
0.945457
0.946633
0.947701
0.948664
0.949525
0.950287
0.950954
0.951527
0.952009
0.952401
0.952705
0.952921
0.95305
0.953094
0.953051
0.952922
0.952706
0.952403
0.952011
0.95153
0.950958
0.950293
0.949532
0.948673
0.947711
0.946644
0.945468
0.944178
0.942769
0.941235
0.939571
0.937771
0.935826
0.933725
0.931459
0.929016
0.926384
0.923547
0.920484
0.917177
0.913605
0.909737
0.905542
0.900985
0.896028
0.890625
0.90625
0.911133
0.915579
0.919638
0.923354
0.926765
0.929903
0.932798
0.935472
0.937946
0.940236
0.942359
0.944326
0.946149
0.947836
0.949396
0.950836
0.952162
0.953381
0.954497
0.955514
0.956437
0.957269
0.958013
0.958671
0.959247
0.959742
0.960158
0.960497
0.960759
0.960945
0.961057
0.961095
0.961058
0.960946
0.96076
0.960498
0.96016
0.959745
0.959251
0.958677
0.958019
0.957277
0.956446
0.955524
0.954507
0.953391
0.952171
0.950844
0.949404
0.947844
0.946158
0.944335
0.942368
0.940244
0.937952
0.935477
0.932802
0.929906
0.926768
0.923357
0.919641
0.915581
0.911133
0.90625
0.921875
0.926188
0.930075
0.933593
0.936793
0.939714
0.94239
0.94485
0.947118
0.949211
0.951147
0.952938
0.954597
0.956132
0.957551
0.958863
0.960074
0.961188
0.962212
0.963149
0.964003
0.964777
0.965475
0.9661
0.966652
0.967135
0.96755
0.967899
0.968183
0.968403
0.968559
0.968653
0.968685
0.968654
0.96856
0.968404
0.968184
0.967901
0.967553
0.967139
0.966657
0.966105
0.965483
0.964786
0.964012
0.963157
0.96222
0.961196
0.960081
0.95887
0.957558
0.956139
0.954605
0.952946
0.951153
0.949217
0.947123
0.944855
0.942393
0.939717
0.936796
0.933596
0.930077
0.926189
0.921875
0.9375
0.941182
0.944452
0.94738
0.950021
0.952419
0.954606
0.956608
0.958449
0.960146
0.961713
0.963161
0.964501
0.96574
0.966885
0.967942
0.968918
0.969816
0.97064
0.971395
0.972082
0.972705
0.973267
0.973769
0.974214
0.974602
0.974936
0.975216
0.975444
0.975621
0.975747
0.975823
0.975848
0.975823
0.975747
0.975622
0.975446
0.975218
0.974938
0.974605
0.974217
0.973774
0.973273
0.972712
0.972089
0.971402
0.970647
0.969822
0.968923
0.967948
0.966891
0.965746
0.964507
0.963168
0.961718
0.960151
0.958453
0.956612
0.954607
0.952421
0.950025
0.947383
0.944455
0.941183
0.9375
0.953125
0.956098
0.958685
0.960967
0.963006
0.964845
0.966515
0.968039
0.969437
0.970724
0.97191
0.973006
0.974019
0.974954
0.975819
0.976616
0.977352
0.97803
0.978651
0.97922
0.979737
0.980207
0.98063
0.981009
0.981344
0.981636
0.981887
0.982098
0.98227
0.982403
0.982498
0.982555
0.982574
0.982555
0.982498
0.982404
0.982271
0.9821
0.981889
0.981638
0.981347
0.981012
0.980635
0.980212
0.979743
0.979225
0.978656
0.978034
0.977357
0.97662
0.975823
0.974959
0.974023
0.973011
0.971914
0.970727
0.969441
0.968042
0.966516
0.964846
0.963008
0.960967
0.958686
0.956097
0.953125
0.96875
0.970912
0.972733
0.97431
0.975703
0.976951
0.97808
0.979108
0.980049
0.980914
0.98171
0.982445
0.983124
0.983751
0.98433
0.984864
0.985357
0.98581
0.986226
0.986606
0.986953
0.987267
0.98755
0.987803
0.988027
0.988222
0.98839
0.988532
0.988647
0.988736
0.988799
0.988837
0.98885
0.988837
0.988799
0.988736
0.988647
0.988533
0.988392
0.988224
0.988029
0.987805
0.987553
0.987271
0.986956
0.98661
0.986229
0.985813
0.98536
0.984867
0.984333
0.983755
0.983128
0.982448
0.981712
0.980915
0.980052
0.97911
0.978081
0.976952
0.975705
0.974311
0.972736
0.970912
0.96875
0.984375
0.985578
0.986537
0.987348
0.988057
0.988689
0.989258
0.989776
0.990249
0.990684
0.991084
0.991453
0.991793
0.992108
0.992398
0.992666
0.992913
0.99314
0.993348
0.993539
0.993712
0.99387
0.994012
0.994139
0.994251
0.994348
0.994433
0.994504
0.994561
0.994605
0.994637
0.994656
0.994663
0.994656
0.994637
0.994606
0.994562
0.994504
0.994433
0.994349
0.994252
0.99414
0.994013
0.993872
0.993714
0.993541
0.99335
0.993141
0.992914
0.992667
0.9924
0.99211
0.991795
0.991454
0.991085
0.990685
0.990251
0.989778
0.989258
0.988689
0.988058
0.987347
0.986537
0.985579
0.984375
1.
1.
1.
1.
1.
1.
1.
1.
1.
1.
1.
1.
1.
1.
1.
1.
1.
1.
1.
1.
1.
1.
1.
1.
1.
1.
1.
1.
1.
1.
1.
1.
1.
1.
1.
1.
1.
1.
1.
1.
1.
1.
1.
1.
1.
1.
1.
1.
1.
1.
1.
1.
1.
1.
1.
1.
1.
1.
1.
1.
1.
1.
1.
1.
1.
